raw
[[ 73.58333333]
 [ 75.5       ]
 [ 75.5       ]
 [ 77.08333333]
 [ 76.66666667]
 [ 76.83333333]
 [ 76.        ]
 [ 76.25      ]
 [ 77.41666667]
 [ 76.58333333]]

[[ 75.66666667]
 [ 77.33333333]
 [ 76.58333333]
 [ 77.08333333]
 [ 76.91666667]
 [ 73.5       ]
 [ 75.66666667]
 [ 73.66666667]
 [ 75.58333333]
 [ 75.16666667]]

[[ 75.08333333]
 [ 77.33333333]
 [ 77.75      ]
 [ 75.75      ]
 [ 78.5       ]
 [ 76.41666667]
 [ 77.08333333]
 [ 77.08333333]
 [ 76.83333333]
 [ 76.25      ]]

[[ 77.25      ]
 [ 76.58333333]
 [ 76.83333333]
 [ 77.83333333]
 [ 73.58333333]
 [ 79.33333333]
 [ 76.16666667]
 [ 75.91666667]
 [ 76.91666667]
 [ 77.08333333]]

GTM
[[ 79.91666667]
 [ 74.66666667]
 [ 74.41666667]
 [ 75.25      ]
 [ 72.        ]
 [ 70.58333333]
 [ 70.83333333]
 [ 70.        ]
 [ 71.33333333]
 [ 70.        ]]